Weights that were learned after 300,000 cycles along with the 30 inputs for the system


T-weight:  -1.038644185967649
weight1:  3.844302425706347
weight2:  -2.325799271495259
weight3:  3.8048399811267313
weight4:  -2.2316886871011237
weight5:  -3.7799188948762903
weight6:  -1.081538669917152
weight7:  0.7491565656754553
weight8:  -1.5931767331568287
weight9:  -0.20292637832352764
T-weight:  -1.7237550803567183
weight1:  -1.6264232027414525
weight2:  -3.16861317000721
weight3:  2.6130140728519815
weight4:  -5.476491311398075
weight5:  -1.8801435156806459
weight6:  2.6200283092459014
weight7:  0.6582823386552139
weight8:  0.4456747781648002
weight9:  4.118930788084232
T-weight:  2.7159775041029826
weight1:  -3.2531657042217486
weight2:  6.4282859951243445
T-weight:  2.089195177532419
weight1:  -3.503891496423567
weight2:  5.1561781667273205
T-weight:  7.161487129399436
weight1:  7.663917310213811
weight2:  6.316482792234619


  2.0 2.0 2.0 2.0 1.0 1.0 1.0 1.0 1.0  0.0
 0.0 0.0 2.0 2.0 2.0 2.0 2.0 2.0 2.0  1.0
 0.0 0.0 0.0 0.0 2.0 2.0 2.0 2.0 2.0  1.0
 2.0 2.0 2.0 2.0 2.0 0.0 0.0 0.0 0.0  0.0
 2.0 2.0 2.0 2.0 0.0 0.0 0.0 1.0 1.0  0.0
 2.0 2.0 0.0 0.0 0.0 0.0 0.0 2.0 2.0  0.5
 2.0 2.0 2.0 2.0 2.0 0.0 0.0 0.0 0.0  0.0
 2.0 2.0 2.0 2.0 1.0 0.0 0.0 0.0 0.0  0.0
 2.0 2.0 2.0 2.0 0.0 0.0 0.0 0.0 0.0  0.0
 2.0 2.0 0.0 0.0 0.0 0.0 0.0 0.0 0.0  0.0
 2.0 2.0 0.0 0.0 0.0 0.0 2.0 2.0 2.0  0.5
 2.0 2.0 2.0 0.0 0.0 0.0 0.0 0.0 2.0  0.5
 2.0 2.0 2.0 0.0 0.0 0.0 0.0 1.0 2.0  0.5
 2.0 0.0 0.0 0.0 0.0 1.0 2.0 2.0 2.0  0.5
 2.0 2.0 2.0 2.0 2.0 2.0 0.0 0.0 0.0  0.0
 2.0 2.0 2.0 2.0 2.0 1.0 0.0 0.0 0.0  0.0
 0.0 0.0 0.0 0.0 0.0 2.0 2.0 2.0 2.0  1.0
 0.0 0.0 0.0 0.0 0.0 0.0 0.0 0.0 0.0  0.5
 2.0 2.0 0.0 0.0 0.0 0.0 0.0 1.0 2.0  0.0
 2.0 2.0 2.0 2.0 2.0 0.0 0.0 0.0 0.0  0.0
 2.0 2.0 2.0 0.0 0.0 0.0 2.0 1.0 2.0  0.5
 2.0 1.0 2.0 0.0 0.0 0.0 2.0 1.0 2.0  0.5
 2.0 2.0 2.0 1.0 1.0 1.0 2.0 2.0 2.0  0.5
 2.0 1.0 2.0 0.0 1.0 0.0 2.0 1.0 2.0  0.5
 1.0 2.0 1.0 0.0 0.0 0.0 1.0 2.0 1.0  0.5
 1.0 2.0 2.0 1.0 1.0 1.0 1.0 1.0 1.0  0.0
 1.0 1.0 1.0 1.0 1.0 1.0 2.0 1.0 2.0  1.0
 1.0 1.0 0.0 0.0 0.0 0.0 0.0 1.0 1.0  .5
 1.0 1.0 1.0 0.0 0.0 0.0 0.0 0.0 0.0  0.0
 0.0 0.0 0.0 0.0 0.0 0.0 1.0 1.0 1.0  1.0 
 1.0 2.0 1.0 2.0 0.0 1.0 1.0 0.0 0.0  0.0
 2.0 1.0 2.0 1.0 1.0 1.0 1.0 1.0 1.0  0.0
 1.0 1.0 1.0 1.0 1.0 2.0 1.0 0.0 1.0  1.0
 1.0 1.0 1.0 0.0 0.0 0.0 0.0 0.0 0.0  0.0
 0.0 0.0 0.0 0.0 0.0 2.0 1.0 1.0 1.0  1.0
 2.0 2.0 1.0 0.0 0.0 0.0 0.0 1.0 0.0  0.0
 0.0 0.0 2.0 2.0 2.0 2.0 1.0 0.0 0.0  0.0
 0.0 0.0 1.0 2.0 2.0 2.0 1.0 0.0 0.0  0.0
 1.0 2.0 1.0 1.0 0.0 0.0 0.0 2.0 2.0  .5
 2.0 1.0 1.0 2.0 2.0 0.0 0.0 0.0 0.0  0.0
 1.0 1.0 1.0 1.0 1.0 1.0 1.0 1.0 1.0  .5
 2.0 2.0 2.0 2.0 2.0 2.0 2.0 2.0 2.0  0.0




